CGPA,Internships,Projects,Certifications,Coding_Score,Communication_Score,Backlogs,Package_LPA
7.9,0,2,4,62.0,56.0,1,8.36
7.39,3,6,1,67.8,68.2,1,12.4
8.02,1,2,1,70.0,49.2,0,9.67
8.72,0,2,1,73.4,65.3,1,9.31
7.31,1,2,4,68.6,70.4,2,8.29
7.31,2,2,3,46.8,59.7,2,9.37
8.76,0,2,2,50.9,64.5,2,7.1
8.11,1,0,3,56.8,53.1,0,8.24
7.12,2,1,4,60.8,70.9,0,10.6
7.93,0,2,3,80.8,82.7,2,10.41
7.13,1,1,2,47.6,56.8,0,7.82
7.13,1,3,1,59.6,62.5,2,8.51
7.69,2,5,1,79.3,76.0,0,13.14
5.97,0,2,0,60.5,84.5,0,7.79
6.12,0,4,1,71.9,52.1,0,7.77
7.05,2,1,1,62.9,68.0,0,8.65
6.69,0,4,2,68.9,73.4,2,6.09
7.75,1,4,2,61.6,68.8,0,10.27
6.77,2,1,0,75.0,40.3,0,9.9
6.37,1,2,1,41.8,76.0,2,5.61
8.67,2,2,2,59.6,88.2,2,11.13
7.32,1,4,0,69.4,71.4,1,8.62
7.55,0,2,1,73.0,57.6,1,8.17
6.36,2,3,1,87.4,63.8,2,9.89
7.06,0,0,0,59.1,91.2,0,6.91
7.59,0,4,2,87.2,80.9,1,10.24
6.58,1,3,2,55.1,77.7,2,7.52
7.8,1,1,1,84.9,74.3,0,10.83
7.02,1,1,1,77.3,62.1,1,8.64
7.27,1,2,5,51.3,67.6,0,9.73
7.02,1,4,4,69.6,69.1,0,11.93
8.98,3,2,2,64.2,76.6,0,13.41
7.49,1,3,0,74.4,88.1,0,9.75
6.65,3,1,1,61.7,83.4,0,10.27
8.16,2,2,1,60.4,53.0,0,10.35
6.52,2,4,2,85.5,72.7,0,11.43
7.67,1,4,0,63.5,78.8,0,12.21
5.93,1,4,0,77.4,77.4,0,9.53
6.44,2,1,3,61.6,62.4,1,7.11
7.66,3,4,1,90.0,100.0,0,13.28
8.09,1,3,1,54.8,54.7,0,8.07
7.64,4,2,0,55.8,57.0,2,9.95
7.41,1,1,1,87.9,72.8,1,7.83
7.26,1,3,2,58.3,95.4,0,9.41
6.32,3,3,0,89.0,60.0,2,8.72
6.92,1,1,1,78.4,66.8,2,8.21
7.13,1,5,2,62.7,82.9,0,10.63
8.35,2,6,1,37.8,69.8,0,11.65
7.77,1,3,2,64.7,66.0,0,10.13
6.09,2,1,0,66.5,76.8,0,7.66
7.76,3,3,2,82.5,73.3,2,12.07
7.19,1,1,3,88.8,82.4,0,12.1
6.96,2,1,2,54.7,85.5,0,10.04
7.99,3,1,3,77.0,73.7,1,11.45
8.32,0,1,3,76.5,73.5,2,7.61
8.25,1,3,3,81.1,72.6,1,10.33
6.83,1,2,2,72.5,75.9,0,9.94
7.25,3,0,1,35.9,70.7,2,8.87
7.77,3,0,0,62.7,70.0,0,10.67
8.28,1,5,0,47.7,84.4,1,10.57
7.12,1,1,1,62.0,88.2,0,9.61
7.35,0,2,0,79.7,51.9,2,7.63
6.61,1,0,2,69.6,70.1,0,7.93
6.54,0,3,3,82.2,61.7,0,9.27
8.15,0,1,2,70.1,66.3,2,7.28
8.58,3,1,2,45.5,74.8,0,11.42
7.44,1,3,1,27.2,78.0,0,8.69
8.3,1,2,0,67.2,68.7,2,10.11
7.79,1,1,1,61.8,47.0,2,6.54
6.98,2,0,2,50.3,58.4,2,7.85
7.79,0,4,3,39.5,80.8,2,9.2
8.73,2,0,1,54.0,37.1,0,10.23
7.47,1,1,1,62.1,84.2,0,9.93
8.75,2,2,1,75.0,76.3,0,12.43
5.4,0,3,1,67.8,85.8,0,8.61
8.16,0,1,2,89.1,67.6,0,9.08
7.57,1,5,0,49.5,45.3,1,7.51
7.26,1,2,3,78.2,75.2,1,9.8
7.57,3,4,2,65.7,85.3,0,10.89
5.91,1,3,2,75.4,81.1,0,10.35
7.32,1,3,1,58.5,62.0,0,10.23
7.79,0,4,2,81.1,71.0,2,8.89
8.68,2,2,3,69.4,63.6,0,11.63
7.09,1,4,1,54.8,60.2,0,9.16
6.85,3,2,3,64.8,81.5,2,10.29
7.1,1,5,0,61.4,55.6,1,9.0
8.23,0,3,3,72.3,59.3,2,9.37
7.76,0,3,3,47.3,56.8,0,8.54
7.08,1,3,2,64.6,52.1,0,10.1
7.91,1,1,1,70.9,71.8,0,10.1
7.58,0,3,1,65.5,83.9,1,8.21
8.27,0,5,2,85.2,67.8,0,12.36
6.94,4,1,1,76.6,51.9,2,9.16
7.24,1,3,3,64.9,80.1,0,10.23
7.19,1,0,4,68.3,90.2,0,10.57
6.33,1,3,3,69.4,62.2,2,7.57
7.74,1,3,1,71.0,64.3,0,10.4
7.71,1,1,1,37.6,76.2,0,8.77
7.5,1,4,1,60.5,89.5,0,9.7
7.31,4,0,1,42.7,63.8,2,9.04
6.37,1,6,1,84.2,54.0,2,9.04
7.16,0,3,1,64.1,77.6,1,7.71
7.23,1,1,1,62.1,79.6,0,10.81
6.86,2,3,1,78.5,70.1,0,10.11
7.37,3,1,4,71.3,63.3,0,12.49
7.82,0,1,0,48.1,81.9,0,7.49
9.01,1,2,3,63.9,76.3,2,9.27
7.64,2,2,1,60.0,60.8,2,8.99
7.71,0,4,2,38.8,70.6,0,9.19
7.44,0,2,2,54.6,53.8,0,8.77
5.96,1,6,1,62.2,78.2,0,10.87
7.48,0,1,1,63.3,66.9,1,9.83
7.55,0,2,3,42.8,64.8,0,8.33
9.47,2,1,1,82.3,69.6,2,10.65
7.35,0,3,1,63.5,70.5,0,9.11
7.74,1,3,1,65.6,80.7,0,10.05
7.47,1,4,0,71.0,77.1,0,11.02
6.57,0,5,0,53.2,68.1,2,5.84
8.41,0,3,1,71.8,79.2,0,12.05
8.1,2,2,2,59.5,74.8,0,11.7
8.13,0,3,1,51.6,64.9,0,7.48
6.77,0,1,2,73.6,68.5,0,7.6
8.62,1,6,1,87.4,68.2,0,13.34
6.38,2,3,0,75.9,76.1,0,11.02
7.97,0,1,1,78.8,65.6,0,8.07
9.25,0,1,3,57.2,65.3,0,10.38
6.71,3,6,2,41.0,93.6,0,10.21
7.05,0,4,1,87.4,81.3,1,9.34
7.58,2,2,2,95.8,60.9,0,12.63
7.1,3,3,0,88.1,76.9,1,11.06
6.26,2,6,1,60.0,71.4,0,9.34
7.55,2,2,0,47.7,74.7,1,9.09
6.65,1,4,1,49.0,71.6,0,8.36
7.88,1,0,1,39.7,84.3,0,8.88
6.76,1,4,2,63.4,74.1,0,9.11
8.74,0,3,0,89.1,69.3,2,8.86
6.87,0,5,2,62.9,82.5,1,7.29
7.24,2,2,0,69.5,72.8,2,9.08
8.15,4,4,2,85.6,71.5,2,13.2
6.52,2,2,1,58.9,73.8,1,7.82
7.68,3,4,1,95.5,68.9,0,13.48
8.55,3,4,1,94.9,70.1,1,14.29
6.21,0,0,1,63.0,63.0,0,6.39
7.65,0,3,0,56.3,61.0,2,7.29
7.71,2,2,1,75.5,58.0,2,9.75
8.13,3,3,2,59.8,53.3,1,10.31
6.51,1,2,0,47.7,59.4,2,7.92
6.44,0,3,1,84.2,67.9,0,8.37
7.92,3,3,1,83.2,71.2,2,12.06
7.74,1,2,1,67.3,66.7,1,9.72
7.7,1,3,0,46.1,41.7,0,8.31
7.78,0,4,0,46.6,88.9,0,9.39
6.96,2,2,0,66.6,83.0,2,8.99
7.69,2,0,2,57.5,75.3,1,8.16
7.73,2,4,0,59.9,92.9,2,9.81
6.93,0,0,3,80.3,58.3,0,7.78
8.99,1,3,3,76.0,92.7,0,12.12
7.88,1,2,1,85.7,58.4,0,9.35
6.55,1,2,1,50.1,72.9,2,7.83
8.03,1,0,2,59.9,54.7,0,10.25
6.72,2,2,2,76.4,70.2,0,11.2
8.13,0,1,3,71.7,74.6,0,10.64
8.43,1,3,3,88.0,68.1,2,10.52
6.84,2,4,2,71.3,78.6,2,9.48
8.27,3,6,3,92.7,71.2,0,14.34
7.83,1,3,0,73.1,63.7,2,9.37
8.16,0,2,1,80.9,63.2,2,8.62
9.02,1,2,0,60.1,79.7,0,10.45
7.3,1,2,1,65.2,62.2,0,10.19
6.9,1,1,1,78.7,81.0,2,8.51
6.79,1,1,2,89.2,84.7,1,8.76
6.85,2,2,0,75.9,50.0,0,9.06
7.44,3,4,2,63.8,83.6,0,12.94
7.77,2,1,1,85.7,94.7,1,11.81
7.72,0,1,2,32.1,73.0,0,7.85
8.16,1,2,0,43.7,77.2,0,10.6
7.51,2,2,0,75.2,82.4,2,10.9
8.66,1,1,0,65.2,66.7,0,10.16
7.29,1,0,1,74.1,72.2,1,7.73
9.68,0,3,1,66.0,54.2,0,9.45
8.0,0,0,2,73.6,71.7,0,8.62
6.81,4,3,1,52.8,76.0,0,12.17
6.64,1,1,1,73.6,76.2,1,9.72
7.89,1,6,3,79.9,82.8,0,12.89
7.32,2,2,2,83.3,60.7,2,10.75
8.07,2,2,1,95.2,63.6,0,11.74
7.88,1,2,1,68.7,92.7,0,10.9
7.44,0,4,2,69.1,68.2,0,10.26
6.82,0,1,0,42.2,72.4,0,4.95
6.29,1,2,2,57.0,69.2,0,8.03
7.14,1,4,1,62.1,60.1,1,9.71
8.19,1,1,2,80.8,89.5,0,11.2
7.67,3,3,2,55.8,63.7,0,10.57
6.5,2,4,1,76.9,56.5,0,8.49
7.64,0,1,2,65.0,64.6,0,8.19
7.81,0,5,0,62.3,46.0,1,8.39
6.79,2,2,2,68.7,62.2,1,8.71
7.62,2,1,0,59.1,58.4,2,8.32
7.55,1,3,1,58.6,77.4,1,9.56
6.59,3,1,2,39.4,61.9,0,9.75
7.79,0,3,4,61.3,80.7,2,6.9
7.95,0,2,1,57.8,86.8,0,7.95
8.37,0,2,0,57.3,79.4,0,8.7
8.34,0,2,0,71.3,67.4,0,9.7
6.4,1,1,2,74.9,71.7,2,8.06
6.75,0,2,3,68.5,51.7,0,8.59
7.91,2,2,1,79.9,68.4,0,10.98
7.91,0,0,0,73.6,59.7,2,6.65
7.91,1,1,1,60.6,78.3,1,8.28
10.0,0,1,0,58.1,100.0,0,11.04
7.96,1,0,2,69.7,76.0,0,8.99
8.41,1,1,1,73.6,46.1,0,10.44
8.26,2,2,1,86.0,65.7,0,11.94
8.02,4,3,2,82.9,71.5,2,12.73
7.25,1,3,1,56.9,71.0,0,8.78
8.11,2,2,3,63.5,61.2,0,10.07
6.88,1,4,2,75.1,72.9,1,9.24
7.31,1,2,1,81.0,55.1,0,9.39
7.11,2,2,3,79.1,58.7,2,7.79
7.57,0,5,0,64.0,77.7,0,9.39
9.35,0,4,2,46.2,57.8,1,10.24
6.01,0,4,2,50.0,76.5,0,8.24
8.05,0,7,0,69.1,53.6,0,9.98
6.21,2,4,0,70.1,91.2,1,9.79
7.12,0,3,2,48.5,60.7,0,7.56
8.37,2,1,3,65.7,67.3,0,11.36
7.55,2,2,2,74.5,74.0,2,11.16
6.64,1,6,2,47.7,63.2,0,10.34
6.93,0,2,0,81.6,71.7,2,7.76
8.04,3,1,1,59.3,76.9,0,10.9
6.92,1,0,1,83.9,81.5,0,9.87
7.67,1,0,0,57.0,79.5,1,6.59
7.54,2,4,1,49.6,67.9,0,10.25
6.98,0,2,0,58.1,68.2,0,8.04
9.22,1,5,2,63.6,98.2,0,13.34
8.01,0,0,2,59.2,81.4,0,9.09
5.88,0,2,2,61.8,58.9,0,7.33
7.65,1,4,0,70.0,71.2,0,10.12
6.97,1,2,2,62.4,66.0,0,9.52
8.18,3,3,1,64.0,68.4,1,10.77
6.87,3,2,0,39.4,55.2,1,7.89
7.41,0,2,1,70.9,65.1,1,8.09
7.9,2,0,0,63.7,91.7,1,9.69
8.19,1,4,4,89.2,76.9,1,10.56
6.54,2,5,3,50.9,40.1,2,9.11
7.23,2,2,5,37.9,84.6,0,10.97
7.12,1,3,0,74.3,83.1,0,9.82
6.98,2,6,2,70.2,65.7,1,13.0
8.91,2,2,2,49.9,78.6,2,9.65
7.82,1,3,0,42.1,59.7,2,7.24
6.49,2,3,2,88.1,64.4,2,9.41
8.23,2,1,2,86.2,88.0,0,12.04
9.2,1,2,0,27.7,66.7,1,8.25
8.33,0,5,2,58.1,47.6,2,7.53
6.28,0,1,0,90.0,69.2,2,6.28
7.11,2,3,3,57.9,69.1,1,9.91
8.51,1,3,2,57.6,84.4,0,11.91
6.93,0,3,1,60.8,70.2,2,8.84
7.86,4,2,3,48.2,64.9,0,13.28
8.12,3,2,2,39.4,82.5,0,10.66
6.76,2,2,1,80.8,71.4,0,9.85
7.45,0,0,1,37.4,61.0,0,6.42
5.0,1,1,1,68.7,83.9,0,8.85
6.68,2,0,1,78.3,72.3,2,8.22
7.3,1,0,3,43.2,70.0,0,7.17
6.5,3,2,2,51.1,72.1,0,9.76
8.81,1,3,2,83.2,57.2,1,11.67
6.36,2,0,2,73.0,63.7,2,8.5
7.15,2,3,0,55.7,70.0,2,8.45
7.6,0,1,1,83.0,67.7,1,8.93
8.65,2,1,0,83.1,85.3,2,8.76
6.35,0,6,2,69.0,72.6,0,9.54
8.43,0,4,2,51.5,80.3,0,10.67
7.51,1,2,3,58.8,70.1,1,8.47
6.71,3,4,0,69.3,82.7,0,10.81
7.87,3,4,3,62.2,74.8,2,10.08
7.66,0,0,1,79.1,70.2,0,9.85
7.02,1,3,0,42.1,69.8,0,7.67
7.56,1,3,1,42.6,58.5,0,8.94
7.19,0,6,1,67.7,76.1,0,10.42
7.59,1,1,0,57.6,69.5,2,8.66
8.03,1,4,1,55.6,64.0,2,8.81
8.77,2,2,4,38.5,83.3,0,10.98
6.51,1,2,1,65.3,55.0,2,7.28
9.21,0,2,1,64.2,64.9,2,9.72
5.94,1,2,2,74.8,82.3,0,8.9
7.38,5,2,1,66.0,73.8,1,11.73
7.97,3,1,0,63.0,69.4,2,8.55
7.72,1,0,1,82.7,73.0,2,7.55
7.0,2,3,0,45.3,72.2,0,10.0
7.33,1,4,1,73.0,51.8,1,9.13
7.11,1,6,1,39.9,65.8,1,8.37
7.03,2,4,2,52.4,89.4,1,9.64
8.18,1,2,1,46.8,62.1,0,9.24
7.79,3,2,1,76.7,66.2,0,11.72
6.95,2,6,2,64.0,63.5,0,11.17
8.22,1,3,2,64.8,69.0,0,11.74
7.75,1,3,2,48.4,63.0,1,10.11
8.15,2,2,2,60.5,75.8,1,9.23
8.0,0,0,0,53.5,72.4,2,6.7
6.84,0,2,2,70.8,79.3,0,8.06
7.05,1,2,1,50.1,57.4,0,8.05
8.1,1,2,2,84.9,65.9,0,11.2
7.99,0,4,3,39.9,67.3,0,8.96
7.48,1,1,1,52.9,75.5,1,8.32
7.59,4,2,2,90.2,60.5,0,13.86
8.52,0,3,0,58.5,81.0,0,9.74
7.03,0,6,0,45.3,84.2,0,8.3
7.94,0,3,4,68.3,58.1,0,9.44
7.34,1,2,1,57.9,64.1,1,7.19
7.33,3,3,1,52.5,63.6,1,9.57
8.38,0,2,0,48.6,100.0,1,9.99
8.16,2,3,3,100.0,64.8,2,11.25
8.15,0,2,2,61.2,90.1,0,8.67
8.54,4,1,2,36.1,54.8,0,11.75
7.52,1,3,1,87.4,58.1,0,10.41
8.05,1,4,2,74.2,61.8,2,9.74
7.25,3,2,0,53.5,59.9,0,11.28
7.76,2,2,2,51.0,66.8,0,10.66
7.4,1,1,2,75.1,61.5,1,8.5
7.58,1,1,2,61.3,60.2,1,8.16
7.98,1,0,2,36.1,83.9,0,8.15
6.85,3,0,2,91.8,84.7,0,12.34
9.17,2,2,2,58.5,81.4,0,11.77
6.7,0,2,0,87.4,76.3,0,7.23
6.53,1,1,1,84.2,71.1,0,9.05
8.43,0,4,1,50.0,64.0,0,8.12
8.13,0,4,3,80.5,58.6,0,12.45
8.0,0,4,1,55.2,74.4,0,8.62
8.0,2,2,5,37.0,55.9,0,10.27
7.49,0,1,3,58.6,58.1,1,7.83
6.78,1,2,3,71.0,83.8,1,9.05
7.56,0,1,2,58.1,92.8,0,8.47
6.96,1,1,1,60.4,74.7,0,8.91
8.28,0,2,3,82.2,83.3,0,11.91
7.38,0,1,2,66.6,67.0,0,8.99
6.84,0,5,0,52.4,53.9,1,8.57
7.24,0,2,3,75.5,77.3,0,8.58
7.83,1,3,1,68.0,76.8,2,9.42
7.05,1,2,1,27.2,70.9,2,6.52
6.84,0,4,2,71.4,67.1,1,8.84
7.69,2,1,1,70.9,81.5,0,11.75
7.7,1,4,0,65.3,58.2,0,9.69
7.09,1,5,3,78.4,60.7,1,10.1
7.12,3,2,3,54.9,57.9,0,11.23
7.69,0,3,3,70.0,71.0,0,8.38
6.34,0,4,1,41.5,56.9,2,5.7
6.37,1,2,2,71.1,61.8,0,8.74
6.93,2,0,0,94.3,61.5,0,9.21
7.33,1,4,1,50.1,66.9,0,10.22
7.75,3,2,1,53.6,52.2,1,9.23
8.68,1,4,1,54.3,71.0,0,10.66
8.19,0,3,1,66.9,85.0,0,10.12
7.37,0,3,0,49.1,71.6,0,9.04
7.48,2,4,4,71.3,88.5,1,11.82
6.7,1,3,3,77.7,86.0,0,11.22
7.49,1,0,3,73.0,79.3,0,10.33
7.27,2,2,5,38.5,70.9,2,9.04
7.76,0,2,3,79.9,70.3,2,7.83
6.84,2,3,3,79.1,79.2,0,10.26
7.92,1,4,2,77.5,65.3,2,10.07
8.73,1,1,1,70.6,47.4,0,9.51
7.41,4,1,1,68.3,75.9,0,12.73
7.82,0,3,2,80.5,56.4,2,9.19
8.05,1,0,0,93.9,58.5,0,9.77
7.18,1,3,2,50.7,70.0,0,8.3
7.68,0,1,4,81.2,68.9,0,10.16
7.51,1,1,2,63.7,53.1,2,6.98
7.58,1,2,3,63.1,72.0,2,8.2
6.88,0,1,0,42.0,81.6,0,5.98
7.52,0,2,0,60.7,56.5,0,7.79
7.9,1,1,2,50.0,85.3,0,10.36
8.66,3,4,3,58.0,51.3,2,11.6
8.27,1,0,2,48.5,95.4,2,7.97
9.22,0,2,0,58.3,65.1,1,7.6
6.89,1,5,1,58.9,71.7,0,10.24
8.2,2,0,1,66.5,47.3,0,9.25
7.65,3,1,2,40.8,69.3,0,10.41
9.25,1,3,1,43.3,72.7,0,10.22
6.85,2,2,1,70.4,69.0,0,10.69
6.83,1,4,2,53.0,63.2,2,7.91
7.02,1,3,2,81.1,58.6,0,10.04
5.8,2,3,1,68.4,83.6,2,8.88
7.08,0,4,0,74.1,70.4,2,9.53
6.89,2,1,1,86.2,88.5,0,11.44
7.62,0,2,2,60.4,63.7,0,8.55
7.77,1,2,2,56.4,64.8,0,9.51
9.0,2,2,1,78.1,79.8,2,10.75
8.26,0,3,0,72.6,50.5,0,8.48
7.04,3,3,3,62.2,55.4,0,10.89
6.78,1,5,4,85.9,83.2,0,11.15
7.89,2,0,0,61.8,55.9,0,9.87
6.44,0,1,2,65.5,48.2,2,5.1
8.97,0,2,6,65.3,92.4,2,11.4
8.44,1,2,1,51.0,53.3,0,9.98
7.12,0,1,3,66.2,72.2,0,8.51
6.13,2,2,1,86.0,70.8,1,9.47
8.58,1,1,0,71.7,36.3,1,8.34
7.41,1,4,1,65.5,66.8,0,10.27
8.49,4,1,2,62.6,75.4,2,12.6
6.22,2,1,1,70.0,74.3,0,8.66
7.02,1,3,2,76.2,80.8,0,9.1
7.5,0,2,1,74.1,65.4,0,9.41
7.54,1,3,3,60.0,78.6,0,10.59
7.14,2,2,2,69.9,61.7,1,8.85
8.0,1,1,2,72.2,53.1,0,9.16
6.65,0,5,3,49.9,54.4,1,7.2
7.39,0,3,0,67.5,52.5,2,6.55
7.6,1,4,2,32.6,82.1,0,9.2
7.91,2,4,2,72.2,51.8,0,11.38
8.07,1,4,2,74.9,73.3,2,9.65
6.6,1,1,5,76.2,66.8,2,7.94
6.27,1,3,2,59.1,68.8,0,8.59
8.52,4,4,0,69.6,86.4,0,14.14
7.77,0,2,2,86.4,64.7,0,9.55
6.9,1,5,4,86.2,77.3,1,12.09
8.74,1,3,0,64.6,70.5,2,9.83
7.59,0,4,1,67.1,68.2,0,8.13
8.44,4,2,3,81.7,97.6,0,15.11
7.55,0,1,1,42.5,52.7,2,6.31
9.15,1,3,0,60.2,85.5,2,9.55
8.9,1,1,1,85.0,77.9,0,10.08
7.3,2,2,1,79.6,64.2,1,10.08
8.28,2,1,2,70.5,89.6,2,10.34
8.02,2,2,0,42.4,47.8,0,8.32
8.59,0,0,1,64.3,63.7,0,7.49
6.73,0,3,1,56.2,55.5,1,6.96
8.05,1,2,2,70.0,74.9,0,10.3
8.35,1,5,4,52.9,56.6,0,10.91
6.09,3,1,2,49.6,75.2,1,8.8
6.55,4,2,0,34.0,67.8,0,8.95
5.87,0,3,2,83.3,64.2,0,8.06
7.28,3,6,1,59.0,74.7,0,12.77
8.07,0,4,1,67.4,66.8,1,8.91
8.7,2,1,0,65.0,56.9,1,8.6
7.56,2,2,1,49.0,100.0,2,8.81
8.8,2,1,1,46.1,64.2,0,9.4
6.4,1,3,1,49.9,43.4,0,7.97
6.14,0,3,2,54.2,59.9,0,7.64
7.46,1,2,1,70.5,54.8,2,6.83
7.81,0,4,1,53.1,79.9,0,9.87
7.47,0,3,3,91.2,73.9,0,9.64
5.85,1,2,2,80.4,74.8,0,10.28
7.43,3,3,1,77.1,65.6,0,11.92
6.46,0,4,4,63.2,66.6,0,8.0
8.04,3,3,1,87.7,65.5,1,11.39
7.79,3,1,1,61.7,69.0,2,10.1
6.75,2,1,1,64.5,80.0,0,9.25
7.09,1,2,0,67.5,74.0,0,8.98
6.65,1,2,1,75.5,76.0,0,10.58
7.45,0,1,0,74.6,76.0,2,6.68
8.26,1,5,1,57.9,80.6,0,11.15
6.71,2,3,1,57.0,73.5,0,10.94
7.9,2,5,3,74.6,74.3,0,12.95
7.08,0,5,2,75.7,84.3,2,7.75
6.87,2,2,0,59.1,62.0,1,9.0
7.41,0,4,1,41.2,59.7,1,6.51
6.67,0,4,2,61.9,55.8,0,9.54
7.06,1,3,2,74.4,72.2,1,8.86
6.54,0,4,6,92.1,47.8,2,11.52
9.07,0,1,1,47.0,75.5,0,10.12
7.53,3,2,2,58.6,68.7,0,10.63
6.94,1,3,4,59.2,83.6,0,10.16
7.67,0,1,0,85.3,61.9,0,9.37
7.41,3,0,0,64.5,67.6,2,9.61
7.32,1,4,1,51.4,83.5,0,10.1
7.99,2,4,3,73.4,86.6,0,13.66
8.11,2,4,0,58.9,61.8,0,10.84
7.08,1,1,0,46.6,72.2,1,6.93
7.04,3,3,1,51.6,73.5,0,10.49
7.28,1,4,0,91.0,74.5,2,10.35
5.66,1,3,1,70.8,66.8,0,8.72
6.29,1,0,2,66.6,85.4,0,8.6
8.59,0,1,2,61.3,47.3,2,8.24
8.82,1,6,2,69.4,64.9,2,9.48
7.3,1,2,2,69.2,75.4,1,9.48
7.96,0,4,0,69.4,75.5,0,9.88
7.75,1,4,1,66.7,86.2,0,12.11
9.96,0,3,0,78.0,84.4,0,10.35
8.4,1,1,2,65.3,66.6,1,10.73
7.4,1,2,2,50.3,85.6,2,8.22
6.74,0,3,2,55.8,61.4,1,7.78
6.21,1,5,1,35.3,81.2,1,9.21
7.66,0,0,3,95.4,91.7,0,10.61
6.89,1,0,2,77.9,84.6,0,9.63
6.36,1,3,2,52.5,71.3,1,8.23
6.98,3,4,3,60.8,66.0,1,10.8
6.63,2,3,2,55.4,51.7,1,8.86
8.85,2,3,0,88.1,73.7,0,12.05
8.21,2,4,1,43.7,56.6,1,9.92
7.49,0,4,1,66.7,60.5,1,6.68
8.68,5,5,1,63.4,55.7,2,13.92
7.56,0,2,0,77.4,64.5,0,8.66
6.81,0,2,0,63.4,69.7,1,6.8
8.72,2,4,0,38.6,73.3,1,10.45
7.93,2,1,2,61.2,62.8,0,9.2
6.67,1,3,5,50.4,82.8,0,11.33
7.35,0,1,2,66.2,67.5,0,8.26
6.8,1,4,1,86.5,60.5,2,8.93
6.39,0,4,2,38.9,72.7,0,6.82
8.24,2,3,1,53.0,93.6,0,11.37
9.03,1,5,3,56.7,74.0,0,13.18
6.38,2,2,0,59.3,65.6,0,9.69
7.95,0,3,0,76.1,51.7,2,8.62
6.98,2,1,0,62.4,67.4,1,9.01
7.11,0,2,1,71.2,72.8,2,7.06
7.03,2,4,2,55.6,65.3,1,8.7
6.81,1,3,0,68.4,50.0,0,8.56
7.54,1,2,1,76.7,59.8,0,9.58
6.84,1,2,0,54.0,87.5,0,9.41
7.72,1,5,0,76.7,87.2,0,11.52
7.46,0,3,2,65.8,59.4,0,10.25
7.31,1,6,1,80.7,78.1,0,12.46
6.77,1,1,2,62.0,55.9,0,7.99
7.04,1,1,2,70.7,86.9,1,7.51
8.1,0,2,1,64.4,72.9,2,9.03
7.9,0,1,1,63.6,81.4,0,9.82
6.72,1,1,1,68.9,49.4,0,7.11
7.58,1,4,1,73.1,78.1,2,10.74
8.1,1,3,0,46.3,69.9,2,8.44
6.16,2,4,3,86.5,80.2,2,10.43
7.93,1,3,0,37.1,81.0,0,10.34
6.97,4,2,2,54.7,70.8,0,12.65
7.96,0,0,1,63.6,62.8,0,8.59
6.89,2,5,5,71.2,79.4,0,12.72
6.06,0,2,1,88.6,69.3,0,8.77
6.2,0,2,2,37.1,59.5,0,6.07
7.54,0,3,1,57.4,59.0,0,8.39
7.71,2,1,1,33.1,52.3,2,6.65
6.78,1,2,1,65.5,63.9,0,8.49
8.01,0,1,1,69.1,83.2,0,8.79
6.17,3,2,1,88.9,72.1,2,9.43
7.45,3,4,0,66.8,63.6,0,11.74
6.53,1,2,1,80.7,79.7,2,8.01
6.98,0,1,1,73.8,60.0,0,8.34
7.54,0,2,2,58.5,71.1,1,6.72
6.81,0,6,0,43.9,67.8,0,8.16
7.19,2,4,2,69.1,79.3,0,11.52
8.31,0,3,2,42.6,51.1,2,7.14
7.04,5,3,1,84.4,59.8,2,12.27
8.17,1,1,1,62.6,50.3,2,6.74
6.6,0,2,3,82.9,66.9,0,9.25
7.92,0,1,3,57.8,84.5,0,9.6
8.65,2,1,1,69.0,63.9,0,11.44
5.52,0,3,2,68.1,63.9,1,7.72
6.86,2,3,0,64.3,80.5,0,10.27
7.96,1,3,3,58.5,82.8,0,11.09
7.34,2,1,1,70.9,68.9,0,10.23
7.8,2,3,2,51.1,78.2,1,10.79
7.02,0,2,0,46.9,57.1,0,5.67
7.57,0,3,1,83.6,86.5,2,8.14
7.38,0,3,1,75.9,95.8,0,11.04
8.43,1,2,2,66.0,76.3,0,8.71
7.7,0,3,1,90.0,45.0,1,8.88
7.77,2,4,1,61.0,63.3,0,11.95
7.17,2,3,3,84.8,77.4,0,11.81
7.11,0,1,2,67.6,64.9,0,7.82
7.15,2,5,1,49.6,85.3,2,9.72
7.82,1,2,3,92.7,77.1,1,10.61
7.16,0,1,2,79.9,61.5,1,8.04
7.73,1,0,0,63.2,70.4,0,8.11
9.16,0,1,0,75.9,59.3,1,9.89
8.2,4,4,1,58.9,67.8,0,14.32
7.24,1,2,1,77.4,63.3,0,9.51
8.46,5,2,1,29.1,84.1,0,11.63
7.17,1,4,1,49.7,95.4,2,8.17
5.87,0,0,1,79.7,52.8,1,5.99
6.69,2,1,1,61.3,46.9,1,8.53
6.0,5,2,3,68.1,67.1,0,11.56
7.22,0,2,1,44.8,51.8,0,6.55
7.51,2,2,2,92.7,70.6,0,12.16
8.84,2,3,0,82.9,79.0,1,12.66
7.76,2,1,0,62.0,87.9,1,9.14
7.32,0,1,0,58.9,72.4,0,6.56
8.16,0,4,3,80.4,67.7,1,12.93
5.73,2,1,2,94.7,46.3,0,10.11
7.69,1,2,1,79.3,70.3,2,8.8
8.12,1,1,0,97.6,70.9,1,10.82
6.32,1,3,0,51.2,77.7,1,7.47
8.42,1,2,2,52.7,61.5,0,10.54
7.77,2,3,2,47.2,64.8,0,10.52
7.17,0,2,0,71.6,52.3,1,7.43
8.01,3,0,2,67.6,42.5,0,10.72
9.32,1,4,2,62.7,56.7,0,10.46
7.65,1,3,1,77.1,51.2,0,11.61
7.7,3,0,1,83.5,74.0,2,9.61
7.13,1,1,2,42.1,63.8,2,5.73
6.82,1,4,3,56.0,63.5,1,8.84
8.16,1,2,3,77.3,58.2,1,9.42
6.82,0,3,2,58.0,31.2,1,6.9
7.56,1,1,2,53.0,88.1,2,8.66
7.12,1,3,2,80.3,58.0,1,10.32
7.88,0,3,2,45.7,65.1,0,9.28
7.77,0,7,4,60.5,52.5,0,10.53
8.33,0,4,0,69.9,81.7,0,10.2
7.09,1,2,1,56.4,71.7,0,9.14
7.28,2,1,1,76.7,60.1,0,8.7
6.72,1,1,0,56.5,65.3,1,7.63
7.14,1,4,1,86.1,90.1,2,8.75
7.8,2,1,3,63.1,69.1,1,11.72
8.11,2,4,2,75.1,67.8,1,11.28
6.76,1,2,0,76.2,58.7,0,8.67
8.2,0,3,3,55.6,47.3,0,8.57
8.58,1,3,3,34.2,68.1,2,8.27
7.83,1,2,1,70.4,73.9,0,11.87
9.0,0,4,4,66.1,83.2,1,11.76
6.88,0,5,1,73.3,43.0,0,7.65
6.5,0,5,3,61.6,56.5,2,8.87
6.08,2,1,2,58.5,63.0,0,9.62
8.7,2,3,3,95.1,70.0,1,12.62
8.02,3,3,1,42.9,68.3,2,10.19
7.46,2,3,1,76.0,68.5,0,11.09
7.72,1,3,0,56.4,74.9,2,9.89
6.6,0,4,1,60.0,59.2,1,6.86
9.46,1,3,4,60.2,81.2,2,11.19
7.6,1,0,1,52.9,75.2,1,7.54
7.59,0,2,2,73.6,66.2,2,6.82
8.08,1,1,2,85.9,89.2,2,11.64
7.88,1,0,1,72.1,88.7,0,8.81
7.68,0,3,3,66.6,81.2,1,9.44
6.87,0,2,1,50.2,33.8,0,5.33
7.88,2,2,0,72.8,88.9,2,9.62
9.01,3,4,5,97.3,79.5,0,16.08
8.58,1,4,1,59.3,94.1,0,10.69
8.77,2,1,1,59.4,84.8,0,11.65
7.09,2,6,1,56.6,88.9,2,10.05
6.71,2,0,1,57.7,80.5,0,9.85
7.4,2,2,1,23.8,86.2,0,10.06
7.54,2,3,0,71.1,93.9,1,10.16
8.38,3,5,2,52.3,72.6,2,11.73
6.15,0,1,2,40.8,51.1,2,4.93
8.72,1,6,1,76.3,66.3,0,12.79
7.37,2,2,3,48.8,74.7,1,9.62
7.16,1,3,1,59.9,70.9,1,8.9
6.69,2,1,0,87.0,55.0,0,9.47
6.18,2,4,3,43.9,50.4,0,9.31
8.16,4,4,3,42.0,61.1,1,13.28
7.56,1,2,0,69.0,79.7,0,10.15
6.47,1,3,1,82.2,89.0,0,10.58
6.46,4,1,2,41.4,81.0,2,9.85
7.23,2,3,1,71.1,82.7,2,9.67
8.84,0,4,0,73.7,69.0,0,10.75
7.29,2,2,0,34.1,49.1,2,6.22
6.3,0,2,2,77.0,64.5,1,8.59
7.3,1,5,3,78.1,66.9,1,8.49
7.28,2,5,0,60.3,64.0,0,10.61
5.34,0,1,0,83.8,70.7,1,7.22
7.46,4,1,1,82.0,75.3,2,10.29
7.32,3,1,3,66.5,80.2,2,10.66
8.06,2,4,0,58.2,66.7,2,9.22
8.98,0,4,5,50.4,47.2,0,10.2
8.4,1,3,1,64.4,64.2,1,10.61
7.28,1,0,1,73.5,70.5,0,9.1
6.61,3,2,3,60.1,84.7,1,8.89
9.56,2,3,1,32.0,63.2,1,9.64
7.55,1,1,0,84.0,76.2,0,10.58
7.51,1,8,1,67.9,73.5,1,11.53
7.48,1,1,1,59.3,70.5,0,10.29
7.66,1,3,1,77.9,81.2,2,10.85
7.38,1,3,2,87.9,62.1,2,9.26
7.04,1,3,1,23.0,63.1,0,9.62
7.06,0,3,0,71.5,69.9,2,7.38
7.47,1,1,2,43.6,62.3,0,7.57
7.07,1,2,1,72.5,76.1,0,9.02
6.93,1,0,2,66.9,61.4,0,6.64
7.59,2,1,2,74.5,72.7,2,10.87
7.3,2,1,1,57.5,68.8,1,10.21
8.7,2,4,1,36.9,72.6,0,10.21
5.38,0,4,0,58.2,64.5,0,6.66
8.37,0,4,2,71.1,65.9,2,9.3
8.5,2,2,1,80.2,71.2,0,11.09
5.84,1,0,4,47.4,72.4,1,5.45
7.23,1,1,1,80.4,69.9,0,9.34
7.2,1,6,3,55.3,90.5,0,10.89
6.37,1,0,1,70.4,58.1,2,6.28
6.88,1,3,2,57.4,69.2,1,8.81
6.61,0,4,2,67.7,51.1,2,8.44
8.9,0,1,4,78.4,74.5,2,9.35
8.25,1,2,1,46.6,56.6,0,9.24
8.52,0,2,0,54.8,66.7,2,8.1
8.08,3,1,3,67.8,65.5,0,12.38
6.6,0,3,6,100.0,73.4,1,9.79
7.08,1,3,1,52.1,63.4,0,8.9
7.89,0,2,0,95.6,62.9,1,9.58
6.52,2,3,1,95.1,87.2,0,10.54
8.07,0,2,1,63.5,73.4,0,10.08
7.31,0,0,0,60.5,63.3,2,7.09
7.2,1,1,1,54.6,67.0,0,7.82
8.07,2,3,1,64.0,89.7,0,11.72
7.86,1,4,4,43.9,67.2,0,10.84
7.21,3,3,4,63.9,61.7,0,11.48
8.43,0,2,2,87.5,61.8,1,10.14
6.64,3,3,0,55.8,63.4,0,10.27
7.99,2,1,1,61.4,62.9,0,8.98
7.97,1,3,1,39.5,54.6,0,9.26
7.25,1,4,2,70.6,56.5,2,8.09
7.76,2,1,0,69.0,60.0,0,10.71
6.5,1,4,5,66.0,77.1,0,9.97
8.24,2,0,2,61.7,65.4,0,10.2
7.35,0,1,2,60.6,67.5,1,8.62
7.08,1,1,1,72.5,85.2,0,9.77
8.34,2,2,1,64.6,85.5,0,10.52
6.94,0,4,0,69.7,66.6,1,7.26
6.37,2,5,3,68.2,62.4,2,9.26
6.25,2,3,4,81.9,59.6,2,10.0
7.98,0,2,2,75.2,78.3,1,9.49
6.48,1,5,1,67.9,67.5,1,8.45
8.9,0,5,3,87.8,65.4,0,11.2
5.83,2,2,1,71.3,60.2,0,9.24
8.86,0,2,2,84.6,60.8,0,10.44
7.67,0,1,1,74.1,73.8,0,10.54
7.42,0,2,0,37.4,54.2,0,6.87
7.06,0,4,0,84.6,81.9,0,11.12
7.82,0,2,3,67.0,63.6,2,7.16
7.47,2,2,2,64.2,68.2,0,9.27
8.38,1,0,0,69.2,54.0,0,8.22
7.59,5,2,3,59.8,69.9,0,14.39
7.62,0,2,1,68.4,66.1,0,10.14
7.21,3,3,1,56.1,69.4,1,9.78
7.45,0,1,1,84.1,87.7,0,8.93
7.75,2,2,1,63.3,72.1,1,9.03
6.13,1,0,2,59.3,60.5,1,5.39
6.42,2,4,0,51.1,61.5,0,9.76
8.09,2,4,0,69.0,77.1,0,11.81
7.64,0,3,1,67.8,85.6,0,9.48
7.35,2,6,1,70.8,73.4,0,10.83
7.51,2,4,1,49.6,78.3,0,11.95
7.78,1,1,1,41.0,77.3,0,8.15
7.07,1,1,3,74.4,87.0,0,10.4
6.88,0,1,2,87.3,46.6,2,6.01
7.66,1,3,2,49.6,78.0,0,9.6
6.72,2,1,0,88.8,81.8,0,10.53
7.83,2,3,0,69.3,53.9,0,10.87
6.14,0,2,2,64.9,59.4,0,7.58
8.32,0,2,0,59.0,59.8,1,8.37
7.88,0,2,2,44.2,61.3,0,7.24
7.7,0,1,3,79.8,64.2,0,9.53
8.29,0,4,3,53.4,72.9,1,9.53
8.83,4,3,1,53.3,80.4,0,13.58
8.31,0,1,2,79.9,83.0,0,10.08
6.03,1,0,1,36.8,59.9,2,3.98
6.48,1,4,3,42.1,59.9,0,7.64
7.0,1,1,2,64.7,85.8,2,6.28
7.52,2,1,1,69.4,77.8,2,9.83
7.91,2,5,2,72.3,71.0,0,13.0
6.92,1,2,0,60.5,75.7,0,9.34
7.65,2,1,1,100.0,69.6,0,11.79
6.9,1,4,0,61.6,76.3,1,7.1
7.01,1,3,0,61.5,66.0,0,8.12
6.37,5,7,2,53.0,73.2,0,13.83
6.76,1,2,3,66.9,51.9,0,9.17
6.42,1,3,2,74.2,61.7,0,9.18
6.72,1,1,2,83.1,61.9,0,9.57
8.34,0,1,0,42.7,65.5,0,7.72
6.74,0,4,1,61.3,58.9,0,8.36
9.61,0,2,0,71.7,63.6,0,9.75
7.89,2,0,1,73.8,51.8,0,10.78
7.65,0,0,3,65.1,76.6,0,8.29
6.81,0,2,1,73.1,69.0,0,7.23
8.06,0,4,0,52.9,49.5,0,7.99
7.04,0,5,1,88.4,60.0,0,9.69
7.6,1,2,0,79.9,74.0,2,9.58
9.55,1,2,0,44.8,63.5,0,10.0
7.42,0,3,1,48.9,61.6,0,7.9
8.42,2,4,0,49.3,69.1,2,8.76
6.94,0,1,2,75.2,74.1,0,9.12
7.47,1,2,0,45.7,52.8,0,7.56
8.92,0,2,4,60.0,76.6,0,10.38
7.0,3,4,1,71.8,60.4,1,12.21
8.95,1,2,3,64.0,69.8,0,11.57
8.07,2,2,0,68.9,69.6,1,8.85
7.05,1,2,3,49.0,63.7,0,7.41
8.01,2,2,1,73.9,57.7,1,10.27
8.28,0,3,2,55.8,66.6,2,7.23
8.0,1,1,3,60.1,89.5,0,10.76
6.24,1,3,2,68.6,53.7,0,8.86
6.92,1,2,0,66.5,90.3,1,8.73
7.3,2,2,1,65.4,66.9,0,9.59
7.44,1,4,2,53.7,70.4,1,10.72
8.0,0,1,2,60.5,57.0,0,10.73
7.64,1,4,1,65.0,60.7,0,9.89
6.43,1,2,0,44.4,64.0,0,7.65
7.8,2,2,2,58.1,57.5,0,10.43
7.99,0,1,3,70.8,67.5,0,9.12
7.95,3,2,5,45.8,65.1,0,11.13
8.36,2,3,1,82.3,92.2,0,11.72
8.17,2,2,1,84.0,56.0,2,9.32
7.87,3,1,1,46.3,71.2,2,9.64
7.44,2,1,1,85.4,73.0,1,9.83
6.17,0,4,4,62.8,57.2,0,6.49
7.84,0,2,1,71.3,78.2,0,9.64
7.67,2,0,3,57.6,65.2,2,8.7
7.72,1,4,0,78.8,40.1,0,11.14
6.48,1,1,1,71.1,77.9,0,8.96
6.64,2,2,1,52.8,56.6,0,7.71
8.34,2,3,1,47.5,57.4,0,8.7
7.47,0,3,1,43.1,78.3,0,7.61
8.05,1,2,3,67.8,65.8,0,9.97
7.52,0,2,0,73.6,81.0,1,9.06
7.52,1,3,3,74.8,84.5,1,10.42
8.25,3,4,2,63.2,62.3,2,12.34
7.09,0,5,1,47.6,79.5,1,7.11
7.58,2,2,3,54.8,60.9,0,11.13
7.13,3,2,1,82.3,96.8,1,12.17
7.15,3,1,2,57.7,61.7,0,8.8
7.25,2,3,1,67.2,82.3,0,11.9
7.68,3,2,0,48.9,80.1,0,10.81
7.12,0,3,1,70.0,73.8,2,7.99
8.5,4,3,1,58.1,62.0,0,12.25
6.78,3,1,0,80.7,68.2,0,11.68
7.35,0,2,1,76.6,44.2,1,6.85
7.15,2,1,1,57.6,72.7,1,9.55
8.66,0,4,3,63.1,74.2,0,11.43
7.66,1,0,1,56.7,71.6,1,7.23
8.33,0,3,1,43.7,34.3,1,9.05
6.31,2,2,1,52.1,54.8,0,8.73
7.71,0,1,1,68.0,61.0,0,8.87
8.21,0,2,1,69.9,73.5,0,8.22
7.57,1,3,3,67.2,73.5,0,12.24
8.35,3,0,3,60.5,68.0,0,10.6
7.09,1,6,1,79.0,77.6,2,10.86
8.63,2,1,2,66.0,57.7,2,9.03
9.34,0,2,2,75.5,77.3,0,10.46
7.21,0,3,5,38.4,75.7,1,8.76
7.14,1,3,2,6.2,74.5,2,7.13
8.66,1,4,2,69.3,67.8,0,10.52
8.76,4,2,2,43.6,92.0,2,12.75
7.08,0,1,2,61.8,75.9,0,8.94
7.16,1,3,4,60.5,58.4,0,9.12
7.27,1,3,1,88.8,73.0,0,11.92
6.42,0,5,1,71.0,79.0,2,6.76
6.77,0,2,0,67.5,62.9,0,7.16
6.7,1,1,6,77.6,83.1,0,10.84
6.89,1,1,0,70.5,74.6,2,6.79
7.47,1,1,3,58.1,41.9,0,8.97
7.69,2,2,1,81.1,73.6,1,10.85
8.74,4,2,1,48.4,65.1,1,11.72
6.7,1,4,0,69.8,76.4,0,10.23
8.29,0,3,1,41.8,81.3,0,8.71
7.33,2,3,1,68.1,72.3,0,10.94
7.46,3,2,1,67.9,90.0,0,12.67
8.04,0,1,2,90.1,67.9,0,10.53
6.6,1,2,3,41.5,77.5,1,8.45
7.81,0,2,0,56.0,79.7,0,7.5
7.63,1,3,2,77.3,68.8,2,9.87
7.89,1,0,2,70.0,79.3,1,8.44
7.73,1,0,2,67.7,62.9,2,6.96
9.46,0,3,1,50.7,64.9,2,8.66
6.99,3,2,1,56.1,54.3,0,9.45
7.08,2,3,0,83.7,72.9,0,11.56
7.0,3,3,3,64.2,73.9,2,11.2
7.06,3,4,1,70.6,84.2,0,10.59
6.99,1,3,1,63.3,79.5,2,7.65
8.45,3,2,4,47.3,66.6,2,9.69
8.64,1,5,2,79.0,55.9,0,11.65
7.04,5,3,6,72.5,75.2,0,15.05
6.83,0,4,1,99.6,83.3,1,9.56
7.88,2,2,1,49.8,79.1,0,9.8
7.06,2,5,2,77.3,83.0,0,13.09
8.01,2,3,2,45.3,67.5,1,8.13
7.66,1,3,1,67.4,64.4,0,10.93
6.29,0,3,2,79.6,61.2,0,8.12
8.74,2,4,3,33.9,69.3,0,11.31
8.94,2,3,2,61.9,69.1,0,11.64
7.01,1,2,0,56.6,72.5,0,9.76
7.19,0,4,1,54.5,68.4,0,7.57
7.73,3,3,1,70.8,68.4,0,12.03
7.77,3,2,1,81.8,60.7,0,12.41
8.03,1,2,0,63.0,81.3,2,7.33
9.11,1,4,1,68.1,70.9,2,9.75
7.36,3,1,2,66.7,67.9,0,10.96
6.86,0,2,1,65.0,61.0,0,7.14
6.4,0,3,1,48.7,54.0,0,6.37
6.92,1,1,1,81.6,85.7,0,9.33
7.47,4,1,2,69.4,76.7,0,12.88
8.94,2,6,0,70.9,50.5,2,11.12
7.09,1,1,0,52.9,79.2,1,8.49
7.68,2,4,0,58.1,81.1,0,10.13
7.49,3,1,2,62.4,71.5,0,10.09
8.45,1,1,1,42.0,89.2,0,10.94
9.52,1,3,2,39.7,72.6,0,10.31
7.08,4,5,0,56.0,53.0,2,9.67
7.11,1,2,1,72.8,74.4,1,7.55
8.34,0,3,2,55.2,72.9,0,10.42
8.05,0,4,3,49.7,62.8,0,9.21
8.98,1,1,3,52.8,76.9,2,9.13
7.97,0,0,2,58.2,50.0,0,7.73
7.21,0,2,0,59.7,81.9,0,8.91
7.97,0,2,1,97.5,59.5,0,9.92
8.39,4,1,3,80.8,58.2,2,14.15
8.16,1,1,2,80.4,68.6,0,10.63
7.91,0,2,0,82.5,75.2,0,10.33
8.35,0,2,2,50.0,72.0,1,9.03
8.44,0,3,4,46.7,61.1,0,9.53
8.61,0,3,3,48.4,63.9,0,9.11
8.02,1,2,1,85.0,56.4,0,10.71
7.37,0,2,3,56.8,67.3,0,8.99
7.62,0,3,0,46.2,82.9,2,6.62
8.47,1,1,3,58.5,69.9,2,9.12
6.85,1,2,1,61.4,80.3,2,8.77
7.79,0,3,1,69.0,87.5,2,10.14
7.19,0,3,4,68.8,62.9,0,10.1
7.52,1,4,2,52.6,67.8,2,10.19
8.52,2,3,5,75.3,96.1,0,13.02
7.65,1,0,3,55.4,87.3,0,9.93
7.54,0,1,2,62.7,49.9,2,7.89
6.41,1,3,0,75.3,74.6,0,8.44
8.1,1,3,2,55.4,70.0,2,8.61
8.02,1,1,2,56.5,79.9,0,11.07
9.23,1,2,1,73.9,61.1,1,9.74
7.25,1,4,3,52.1,59.9,0,8.67
7.68,2,1,1,59.2,61.9,0,11.01
7.7,2,4,0,73.3,63.1,0,12.15
8.76,4,3,3,95.8,79.8,0,15.87
7.42,0,4,4,74.1,55.8,0,10.0
7.72,2,0,1,72.1,62.5,1,9.05
7.99,2,2,1,73.0,48.5,1,10.31
7.65,2,6,3,48.9,82.1,0,13.26
7.14,2,4,0,66.7,85.3,0,11.08
7.66,0,3,1,64.6,66.1,0,10.7
8.36,1,1,5,69.8,66.4,2,9.06
6.68,2,1,0,66.7,75.4,1,8.64
7.61,1,0,2,70.7,87.7,0,9.4
6.94,1,3,0,60.3,74.9,2,6.94
8.46,1,1,1,65.9,61.6,1,9.09
6.28,1,4,4,46.6,50.6,0,9.1
7.05,0,3,4,60.2,56.6,1,8.65
7.8,0,0,0,85.9,70.9,0,10.47
8.75,0,3,6,69.8,62.1,0,11.64
7.45,1,3,2,64.7,72.3,0,10.99
7.06,3,0,2,93.4,63.4,0,11.51
9.0,1,3,1,44.6,57.3,2,10.17
6.34,1,3,3,48.4,55.9,0,10.31
5.74,3,3,0,90.7,88.7,0,11.71
7.85,1,3,1,65.7,80.7,0,9.57
7.1,0,1,0,61.4,90.8,2,6.27
6.68,1,3,1,47.0,76.5,1,8.16
8.07,0,2,0,71.7,64.8,0,9.34
7.7,0,1,0,73.2,85.9,2,8.15
7.05,4,3,0,48.6,69.6,0,11.6
6.48,1,1,3,62.9,72.7,0,8.73
8.2,0,0,1,60.0,69.5,0,7.75
8.02,2,2,2,68.8,34.6,2,9.63
7.42,0,1,1,48.2,89.3,1,8.75
8.98,0,1,1,83.8,75.9,1,10.57
6.64,0,2,1,78.7,74.0,0,8.9
6.28,2,3,1,59.6,69.3,0,10.28
6.95,1,1,1,61.8,72.0,2,7.07
7.46,1,2,5,63.0,62.8,0,9.81
7.69,3,4,0,53.3,77.4,1,10.37
7.31,1,2,1,58.3,54.3,2,7.43
7.78,0,3,1,60.9,72.2,0,8.71
6.5,0,5,2,89.2,76.7,0,11.09
8.66,1,4,1,79.2,67.6,2,10.1
7.43,2,0,1,79.0,74.5,0,9.62
8.39,1,3,3,70.5,58.1,0,12.62
7.77,0,3,1,48.2,58.4,0,7.89
7.87,1,4,0,64.4,72.8,0,10.39
7.96,1,2,1,79.6,78.1,1,10.37
7.86,0,1,1,46.1,47.5,2,5.22
8.01,1,0,3,74.5,76.3,0,11.2
8.56,0,3,1,99.8,63.5,1,11.0
7.66,1,2,2,80.9,67.7,0,11.7
8.07,1,3,2,86.2,53.9,0,10.54
7.43,0,4,0,68.3,59.8,2,7.77
8.65,2,1,2,79.5,81.6,0,12.1
6.96,1,2,0,54.2,70.4,2,7.35
8.94,1,1,0,76.9,65.4,0,9.32
7.47,3,3,1,74.8,68.6,1,11.45
6.36,0,3,2,69.3,75.9,0,7.35
7.6,0,2,3,84.7,75.3,0,10.34
6.96,3,1,2,56.9,69.1,1,8.07
8.17,1,4,1,62.2,83.1,2,8.21
6.98,3,2,1,66.4,81.6,1,11.18
7.14,2,0,2,49.6,75.0,0,8.67
5.99,4,3,0,68.4,70.7,0,10.35
7.14,0,5,2,39.2,77.9,0,9.71
5.56,1,4,3,80.7,73.8,1,9.39
6.23,4,5,2,65.7,82.7,1,12.78
8.11,1,4,2,57.2,80.8,1,10.11
8.13,1,1,0,52.5,57.8,2,9.61
7.84,1,2,0,61.5,57.0,0,8.63
6.73,1,1,2,75.3,61.6,0,10.36
7.46,2,2,0,73.2,81.7,0,10.6
7.5,0,4,5,54.4,51.1,2,6.95
6.57,0,1,0,52.3,74.7,1,6.56
8.7,1,4,0,74.9,74.4,0,11.68
8.2,2,4,2,54.2,84.0,1,10.33
7.32,0,2,2,65.9,72.2,0,8.01
7.52,2,3,0,66.9,53.9,0,10.23
7.67,4,4,1,69.7,58.5,0,13.26
5.87,0,2,2,77.9,55.8,2,4.49
7.3,0,1,2,46.1,63.5,0,8.26
6.95,0,3,2,36.3,67.8,2,5.92
6.7,1,5,1,56.5,56.0,2,6.96
7.28,3,2,4,92.0,87.6,2,12.82
8.94,1,6,4,95.3,54.1,0,13.72
8.01,0,3,0,92.5,86.2,0,11.51
7.04,0,2,1,62.1,84.2,0,8.7
7.96,0,0,0,38.3,80.8,0,7.16
8.62,1,2,1,29.9,61.7,2,7.53
8.24,1,1,2,55.8,74.1,1,9.5
7.55,2,2,3,62.0,54.7,0,10.16
6.98,1,2,0,84.5,80.9,0,9.1
8.06,1,1,1,78.0,69.1,0,10.59
7.81,0,6,4,68.4,65.1,0,10.91
8.22,0,0,2,51.7,55.3,1,7.34
8.01,2,4,2,50.6,40.3,0,11.46
8.34,4,5,4,68.8,57.5,2,13.3
7.07,2,6,1,75.5,83.4,2,10.91
8.55,1,0,2,70.9,65.2,0,9.58
7.66,2,4,2,49.5,68.0,2,9.95
9.16,1,3,3,74.8,77.9,2,11.37
6.95,0,1,0,71.4,91.7,0,8.92
8.89,1,5,1,48.9,85.9,0,10.92
7.66,0,2,1,53.2,58.3,0,7.64
6.98,2,4,2,75.3,46.7,0,11.46
7.11,2,0,0,61.5,98.3,0,9.72
7.24,0,4,2,88.8,97.2,0,10.08
7.84,1,2,2,72.5,72.3,0,11.41
7.92,3,0,1,57.7,54.8,0,8.98
7.04,2,5,2,64.8,81.6,1,11.54
7.48,0,1,2,66.0,68.7,2,6.26
9.21,0,3,1,54.1,68.6,1,10.82
8.88,2,4,2,51.3,80.7,1,10.33
7.85,1,0,1,75.5,74.0,2,9.29
7.53,1,1,2,77.7,55.8,0,9.56
7.6,3,3,0,74.1,66.1,0,11.45
7.99,1,0,0,87.7,77.9,1,9.56
6.68,1,2,0,56.9,76.1,0,8.83
7.29,0,3,0,90.1,73.1,0,8.84
6.17,1,3,1,51.5,81.2,1,7.13
7.82,1,2,3,49.8,65.7,0,10.07
8.02,2,2,1,38.6,72.1,0,8.44
7.11,1,4,2,58.3,29.5,1,7.95
8.76,1,4,0,57.4,64.6,0,13.02
6.52,0,1,1,72.9,79.2,0,7.12
6.33,3,3,2,68.7,65.3,0,11.85
7.68,1,2,0,47.1,64.4,0,8.08
8.34,0,4,2,59.1,57.5,0,10.16
8.85,3,0,2,59.4,82.0,1,11.91
7.13,0,1,0,38.4,76.6,0,7.63
8.36,1,4,1,50.3,79.9,1,9.76
7.47,3,2,2,53.4,49.3,0,12.21
7.36,1,3,3,86.5,68.1,0,10.56
8.21,2,2,2,67.9,66.6,2,10.26
8.02,1,1,1,74.9,66.6,0,10.09
6.24,0,2,0,42.5,62.6,0,5.31
8.68,0,1,0,82.9,65.8,2,8.18
8.6,1,3,2,84.5,80.2,0,12.12
7.0,2,1,1,35.0,47.0,0,7.59
7.82,1,1,1,54.4,91.3,0,11.35
7.9,0,2,1,72.4,75.8,0,8.66
7.71,1,4,1,74.7,69.5,0,11.68
7.06,1,5,1,54.8,80.9,2,9.45
6.96,2,1,0,60.4,52.6,0,8.77
7.48,3,2,3,56.0,62.0,2,9.35
8.44,5,2,2,66.7,68.5,0,13.55
7.93,2,4,2,83.0,86.4,0,12.32
7.2,2,1,1,53.4,69.4,0,7.87
8.12,0,5,0,80.0,75.4,2,8.61
5.22,3,0,2,53.3,62.9,1,6.49
8.42,2,3,2,52.3,75.8,0,12.44
6.11,2,3,2,77.3,90.1,0,11.18
7.21,1,1,3,78.8,81.9,0,10.8
6.6,1,0,3,77.8,69.0,1,8.87
6.46,0,1,1,45.3,78.1,1,6.25
8.43,0,3,0,58.0,76.9,2,9.29
7.13,3,2,0,77.3,76.1,1,10.24
7.78,1,1,4,65.6,83.3,2,9.29
7.46,3,5,2,48.9,83.3,2,11.56
7.88,0,1,2,71.9,68.5,0,7.99
7.56,1,0,2,54.3,77.7,0,11.28
6.47,2,3,1,91.9,65.4,1,10.26
8.3,0,2,0,88.2,58.9,0,9.82
7.1,1,2,4,74.1,66.8,0,11.19
6.25,1,4,3,85.4,69.1,0,11.14
7.16,1,3,4,66.0,50.1,2,8.76
8.7,1,2,2,76.5,80.3,0,11.52
8.18,0,1,2,87.2,36.8,1,7.47
7.22,2,3,1,68.7,100.0,2,9.59
7.22,0,4,2,61.2,88.0,1,9.31
7.24,1,0,1,39.4,66.9,2,6.62
9.16,0,2,4,63.8,70.1,0,11.67
7.81,2,1,2,77.4,73.6,0,11.01
7.84,0,3,4,79.2,62.9,0,9.28
8.32,0,5,1,72.6,72.3,0,11.52
7.69,2,4,1,56.9,68.3,2,10.83
7.29,0,1,0,35.3,68.9,0,7.31
7.34,3,3,0,57.6,72.2,0,10.86
7.44,0,3,0,60.4,54.2,0,8.96
7.47,1,2,3,60.3,70.5,0,12.51
8.08,0,3,2,74.3,72.0,0,10.17
7.54,1,1,2,94.8,71.5,1,8.98
8.09,1,4,2,66.9,67.4,0,10.48
7.44,0,0,0,61.7,83.7,1,7.62
7.56,1,2,0,61.1,65.8,0,7.75
5.9,2,2,1,66.9,72.7,0,9.28
8.23,1,1,1,52.6,85.6,0,9.87
7.78,2,4,2,66.8,69.0,0,12.84
8.3,0,2,1,71.8,72.6,0,10.63
5.18,2,4,1,68.1,68.8,1,9.29
9.17,0,2,0,71.9,84.8,0,8.59
7.39,0,5,3,71.5,66.9,1,10.37
8.39,2,2,2,38.4,85.4,0,11.19
6.67,1,1,3,74.6,68.8,0,9.48
7.99,1,1,2,54.9,59.7,1,7.2
6.66,0,2,1,48.6,78.2,0,6.75
7.0,1,2,1,48.4,66.3,0,7.38
9.03,1,4,3,71.5,77.4,0,10.77
7.35,1,1,3,61.7,37.2,1,8.11
7.67,1,3,0,39.8,70.1,0,8.08
8.2,3,4,2,72.2,64.5,1,14.5
7.9,0,5,2,43.4,57.2,0,8.96
7.62,0,2,0,67.1,63.4,0,9.41
7.79,1,4,2,68.6,63.1,0,9.42
9.42,1,2,3,78.3,69.4,0,11.7
7.45,0,2,1,91.7,53.6,0,9.35
7.66,1,3,2,44.5,73.8,2,7.54
8.34,0,2,3,64.2,86.4,0,9.75
8.38,1,1,2,60.9,73.4,0,9.85
8.45,2,2,1,71.5,79.7,0,11.45
8.01,0,4,1,68.2,83.1,0,11.58
6.59,1,1,2,59.7,84.8,0,8.99
8.81,4,3,3,58.4,92.4,0,14.71
6.58,0,3,1,48.3,64.0,2,6.59
7.74,1,2,2,79.8,61.4,1,10.24
6.9,1,3,2,71.9,79.4,0,9.96
7.45,0,4,2,78.8,78.5,0,9.95
7.76,1,2,3,60.3,79.3,1,9.73
7.76,4,1,2,55.1,92.7,0,13.28
7.84,1,1,2,48.8,70.1,0,9.92
8.79,1,3,1,70.4,75.1,2,9.85
7.86,1,7,0,49.4,58.2,0,11.04
7.3,1,2,0,92.7,95.6,0,10.52
8.27,1,3,1,45.4,66.0,0,9.64
8.45,3,3,5,69.1,66.3,0,13.14
6.52,1,5,3,88.5,65.8,0,10.9
7.98,1,3,4,74.0,62.3,0,12.26
8.06,2,2,1,67.6,61.2,2,9.65
7.26,0,1,1,50.5,63.7,0,7.42
8.6,1,2,2,44.3,53.6,1,7.75
7.38,1,3,0,76.6,60.6,0,9.5
7.6,0,5,1,87.6,93.4,1,10.29
7.36,3,3,1,58.4,78.8,0,10.75
7.51,2,2,1,47.9,81.1,0,9.94
6.62,2,2,1,28.1,84.1,1,7.49
6.35,0,3,2,50.3,92.0,1,7.51
8.78,1,2,3,63.3,48.7,0,10.67
6.82,1,4,0,89.0,55.2,0,9.25
6.71,2,3,1,75.1,60.4,0,9.95
5.78,0,2,2,69.6,64.4,0,7.5
6.99,0,1,1,59.0,66.4,0,8.43
6.44,2,2,2,56.3,64.6,2,8.27
8.81,1,4,1,86.1,72.6,0,11.65
8.31,2,1,3,68.0,70.4,0,11.66
6.95,1,1,3,33.5,61.3,2,7.89
9.3,0,1,2,54.9,43.9,0,9.81
8.29,0,1,0,52.1,58.1,0,8.33
7.24,0,2,1,56.8,63.4,2,7.27
5.5,1,3,3,73.4,67.0,0,10.05
9.33,1,3,1,63.4,56.4,0,11.91
6.39,0,2,1,63.8,64.1,0,7.92
6.18,2,2,1,84.7,56.4,0,10.62
8.32,2,1,2,54.6,68.5,2,8.46
9.45,1,3,2,93.0,57.1,0,11.39
8.61,0,1,3,54.9,59.8,0,9.19
7.95,1,1,1,66.3,54.3,1,8.7
7.98,2,2,2,60.8,68.2,1,9.79
8.18,1,3,1,66.9,59.6,0,10.93
8.11,3,2,2,71.7,80.9,0,11.04
7.72,3,2,2,71.5,74.9,0,11.64
7.58,0,3,2,53.7,69.2,1,7.79
7.45,0,1,0,48.2,60.4,0,5.76
6.9,0,2,1,100.0,74.6,0,10.75
7.28,2,2,0,57.7,78.3,0,8.72
6.15,0,4,1,75.5,71.7,0,8.11
7.42,1,2,3,40.9,89.2,0,10.05
6.71,2,3,2,60.8,75.5,0,10.76
6.62,0,5,1,63.1,81.0,2,6.93
7.64,0,3,2,72.1,71.6,1,9.56
8.61,3,3,2,24.2,78.1,2,10.38
8.23,1,2,2,67.5,60.4,2,10.92
6.24,1,1,0,47.8,64.5,0,7.33
6.71,0,4,1,69.9,74.2,0,8.77
8.25,1,1,1,49.5,74.1,2,7.34
6.71,0,4,1,52.2,76.1,2,6.42
7.32,0,1,1,60.9,83.2,0,7.51
7.94,3,4,0,49.2,52.9,0,12.22
6.73,1,2,0,57.9,58.3,1,7.47
7.58,1,0,1,47.1,72.8,2,7.44
6.43,1,3,1,37.5,61.3,0,8.85
7.02,0,3,0,80.3,100.0,0,7.59
7.76,0,1,3,45.6,76.2,0,9.32
6.23,1,4,2,62.3,69.1,2,8.06
7.85,0,0,2,76.3,63.8,0,9.1
7.48,2,1,1,55.8,64.2,0,8.86
7.94,4,2,0,52.6,70.4,0,11.21
7.68,1,2,2,68.4,71.3,0,10.43
8.59,2,2,0,81.8,64.5,0,13.52